Latitude,Longitude,Jan,Feb,Mar,Apr,May,June,July,Aug,Sep,Oct,Nov,Dec
24.5625,-81.8125,26.1,28.19,28.31,29.59,30.85,32.41,33.83,33.6,32.92,30.39,28.2,24.64
24.5625,-81.7708,26.1,28.19,28.42,29.59,30.85,32.43,33.83,33.61,32.92,30.4,28.21,24.65
24.5625,-81.7292,26.11,28.19,28.43,29.69,30.95,32.44,33.83,33.61,32.92,30.41,28.22,24.66
24.5625,-81.6875,26.12,28.19,28.45,29.69,30.95,32.45,33.84,33.62,32.92,30.42,28.23,24.67
24.6042,-81.6458,26.23,28.28,28.57,29.68,30.95,32.45,33.94,33.72,32.92,30.42,28.23,24.77
24.6458,-81.5625,26.25,28.27,28.61,29.77,30.95,32.55,33.94,33.73,32.92,30.43,28.23,24.79
24.6458,-81.4792,26.27,28.27,28.64,29.77,30.95,32.57,33.92,33.64,32.92,30.45,28.25,24.7
24.6875,-81.5625,26.25,28.27,28.61,29.77,31.05,32.54,33.94,33.72,33.02,30.43,28.32,24.78
24.6875,-81.3958,26.3,28.27,28.68,29.76,30.95,32.58,33.92,33.64,32.92,30.36,28.26,24.71
24.7292,-81.3958,26.3,28.27,28.79,29.76,31.05,32.58,33.92,33.64,32.92,30.45,28.25,24.71
24.7708,-80.9375,26.27,28.19,28.74,29.56,30.66,32.27,33.74,33.28,32.63,30.15,28.12,24.58
25.1458,-81.1042,26.55,28.36,29.05,29.84,31.05,32.49,33.82,33.54,33.02,30.57,28.46,24.81
25.1458,-81.0625,26.58,28.36,28.98,29.84,31.05,32.41,33.83,33.45,32.92,30.59,28.37,24.83
25.1458,-81.0208,26.59,28.27,29,29.75,30.95,32.43,33.74,33.46,32.92,30.51,28.38,24.74
25.1458,-80.9792,26.61,28.28,29.02,29.75,30.95,32.35,33.74,33.37,32.83,30.52,28.4,24.76
25.1458,-80.9375,26.53,28.28,28.95,29.75,30.86,32.26,33.65,33.38,32.83,30.44,28.41,24.77
25.1458,-80.7708,26.49,28.17,28.91,29.52,30.66,32.12,33.47,33.21,32.64,30.4,28.25,24.73
25.1458,-80.7292,26.5,28.07,28.93,29.52,30.66,32.13,33.47,33.12,32.64,30.31,28.26,24.74
25.1458,-80.4375,26.27,27.86,28.55,29.1,30.14,31.64,33.15,32.82,32.25,30.07,28.09,24.54
25.1458,-80.3958,26.27,27.88,28.55,28.99,30.02,31.53,33.05,32.82,32.25,30.07,28.09,24.53
25.1875,-81.1042,26.96,28.75,29.46,30.34,31.55,32.88,34.22,33.84,33.22,30.86,28.65,25.11
25.1875,-81.0625,27.08,28.96,29.69,30.54,31.85,33.1,34.42,33.95,33.32,30.88,28.76,25.22
25.1875,-81.0208,26.8,28.57,29.31,30.14,31.35,32.72,34.03,33.66,33.12,30.7,28.58,24.94
25.1875,-80.9792,26.61,28.28,29.03,29.75,30.95,32.34,33.74,33.37,32.92,30.52,28.39,24.76
25.1875,-80.9375,26.63,28.28,29.06,29.75,30.95,32.36,33.75,33.38,32.83,30.53,28.4,24.77
25.1875,-80.8958,26.55,28.29,28.98,29.75,30.86,32.28,33.65,33.29,32.83,30.45,28.42,24.79
25.1875,-80.8542,26.57,28.2,28.98,29.62,30.86,32.3,33.66,33.3,32.73,30.47,28.33,24.81
25.1875,-80.8125,26.59,28.2,29,29.62,30.75,32.21,33.57,33.31,32.73,30.39,28.34,24.73
25.1875,-80.7708,26.6,28.17,29.02,29.62,30.76,32.23,33.57,33.22,32.74,30.4,28.35,24.74
25.1875,-80.7292,26.51,28.08,28.94,29.52,30.66,32.14,33.48,33.23,32.64,30.42,28.27,24.75
25.1875,-80.6875,26.48,28.08,28.83,29.53,30.56,32.05,33.48,33.13,32.54,30.33,28.28,24.76
25.1875,-80.6042,26.49,27.98,28.75,29.32,30.45,31.96,33.38,33.04,32.44,30.25,28.19,24.67
25.1875,-80.3958,26.27,27.87,28.56,29.09,30.02,31.63,33.05,32.82,32.25,30.08,28.1,24.54
25.1875,-80.3542,26.27,27.86,28.56,28.99,30.02,31.52,33.04,32.81,32.15,30.08,28,24.53
25.2292,-81.1458,26.64,28.34,29.04,29.93,31.15,32.55,33.9,33.62,33.1,30.63,28.43,24.78
25.2292,-81.1042,27.06,28.85,29.57,30.43,31.75,32.97,34.31,33.93,33.31,30.86,28.74,25.2
25.2292,-81.0625,26.58,28.36,29.09,29.84,31.15,32.5,33.82,33.55,33.02,30.58,28.46,24.81
25.2292,-81.0208,26.6,28.36,29.02,29.84,31.05,32.42,33.83,33.46,33.02,30.6,28.47,24.83
25.2292,-80.8958,26.66,28.29,28.99,29.75,30.96,32.28,33.65,33.39,32.83,30.55,28.41,24.79
25.2292,-80.8542,27.17,28.9,29.69,30.42,31.66,33,34.26,33.8,33.23,30.87,28.73,25.21
25.2292,-80.8125,27.09,28.77,29.61,30.32,31.56,32.92,34.17,33.81,33.13,30.79,28.74,25.23
25.2292,-80.7708,27.21,28.87,29.73,30.42,31.76,33.03,34.28,33.92,33.14,30.91,28.76,25.35
25.2292,-80.7292,27.22,28.98,29.85,30.53,31.76,33.05,34.28,33.93,33.24,30.93,28.87,25.36
25.2292,-80.6875,27.09,28.78,29.64,30.33,31.56,32.86,34.19,33.74,33.04,30.74,28.68,25.28
25.2292,-80.6458,26.9,28.48,29.35,29.93,31.16,32.56,33.89,33.44,32.84,30.56,28.59,25.09
25.2292,-80.6042,26.6,28.18,28.96,29.62,30.65,32.17,33.59,33.25,32.64,30.37,28.4,24.79
25.2292,-80.5625,26.5,27.98,28.77,29.32,30.45,31.97,33.38,33.05,32.45,30.28,28.2,24.69
25.2292,-80.5208,26.4,27.97,28.77,29.31,30.35,31.86,33.28,33.04,32.45,30.28,28.21,24.69
25.2292,-80.4792,26.39,27.98,28.67,29.21,30.23,31.76,33.26,32.94,32.35,30.19,28.21,24.68
25.2292,-80.4375,26.38,27.88,28.67,29.1,30.13,31.75,33.16,32.93,32.35,30.2,28.11,24.56
25.2708,-81.1458,26.64,28.34,29.05,29.92,31.25,32.54,33.89,33.62,33.1,30.62,28.52,24.87
25.2708,-81.1042,26.66,28.35,29.07,29.93,31.15,32.46,33.91,33.53,33.11,30.65,28.43,24.79
25.2708,-80.8958,26.66,28.29,29.1,29.75,30.96,32.38,33.75,33.39,32.92,30.55,28.41,24.79
25.2708,-80.8542,27.18,28.9,29.7,30.42,31.76,33.1,34.36,33.9,33.23,30.87,28.83,25.31
25.2708,-80.8125,27.39,29.17,30.02,30.82,32.16,33.42,34.57,34.22,33.43,31.09,28.95,25.44
25.2708,-80.7708,27.41,29.17,30.04,30.83,32.16,33.44,34.58,34.23,33.43,31.11,28.96,25.56
25.2708,-80.7292,27.39,29.18,30.14,30.83,32.16,33.46,34.59,34.24,33.44,31.14,28.98,25.58
25.2708,-80.6875,27.4,29.08,29.96,30.73,31.96,33.27,34.5,34.05,33.34,31.05,28.89,25.49
25.2708,-80.6458,27.31,28.98,29.87,30.63,31.86,33.18,34.4,33.95,33.24,30.97,28.9,25.4
25.2708,-80.6042,27.21,28.88,29.78,30.43,31.66,32.98,34.19,33.86,33.05,30.88,28.81,25.31
25.2708,-80.5625,27.11,28.78,29.68,30.32,31.45,32.78,34.09,33.76,33.05,30.79,28.71,25.31
25.2708,-80.5208,27,28.69,29.48,30.02,31.24,32.57,33.98,33.55,32.85,30.7,28.61,25.2
25.2708,-80.4792,26.8,28.38,29.28,29.81,30.93,32.36,33.67,33.35,32.65,30.51,28.51,24.99
25.2708,-80.4375,26.39,27.97,28.68,29.2,30.23,31.75,33.16,32.94,32.35,30.21,28.11,24.68
25.2708,-80.3125,26.36,27.85,28.57,28.97,29.91,31.51,33.02,32.81,32.25,30.09,28,24.52
25.3125,-81.1458,26.63,28.43,29.15,29.92,31.24,32.52,33.89,33.61,33.2,30.71,28.51,24.85
25.3125,-80.9375,26.64,28.37,29.08,29.84,31.05,32.45,33.74,33.47,32.92,30.62,28.49,24.86
25.3125,-80.8958,27.16,28.89,29.8,30.55,31.85,33.07,34.35,33.99,33.32,30.95,28.81,25.29
25.3125,-80.8542,27.38,29.09,30,30.72,32.06,33.3,34.56,34.1,33.43,31.07,28.93,25.41
25.3125,-80.8125,27.5,29.27,30.13,30.92,32.26,33.52,34.68,34.32,33.53,31.2,29.05,25.54
25.3125,-80.7708,27.52,29.37,30.25,31.03,32.36,33.64,34.79,34.33,33.53,31.22,29.06,25.66
25.3125,-80.7292,27.49,29.38,30.25,31.03,32.36,33.56,34.8,34.35,33.54,31.24,29.08,25.59
25.3125,-80.6875,27.51,29.28,30.17,30.94,32.26,33.48,34.7,34.26,33.44,31.16,29.09,25.6
25.3125,-80.6458,27.42,29.18,30.08,30.84,32.16,33.39,34.6,34.17,33.44,31.08,29.01,25.62
25.3125,-80.6042,27.42,29.08,30.09,30.73,32.06,33.3,34.5,34.17,33.35,31.1,28.92,25.53
25.3125,-80.5625,27.32,29.08,30,30.63,31.85,33.2,34.4,34.07,33.25,31.01,28.92,25.53
25.3125,-80.5208,27.32,28.99,29.9,30.52,31.74,32.99,34.29,33.96,33.15,30.92,28.82,25.42
25.3125,-80.4792,27.1,28.78,29.7,30.21,31.44,32.77,34.08,33.75,32.96,30.83,28.72,25.31
25.3125,-80.4375,26.79,28.37,29.19,29.7,30.83,32.26,33.66,33.34,32.66,30.52,28.52,24.99
25.3125,-80.3958,26.38,27.85,28.68,29.09,30.12,31.64,33.14,32.93,32.36,30.22,28.11,24.66
25.3542,-81.0625,26.67,28.34,29.1,29.92,31.24,32.56,33.91,33.62,33.11,30.65,28.53,24.88
25.3542,-81.0208,26.69,28.35,29.12,29.93,31.15,32.48,33.92,33.54,33.11,30.67,28.45,24.8
25.3542,-80.9792,26.72,28.36,29.15,29.93,31.15,32.51,33.83,33.55,33.01,30.69,28.47,24.83
25.3542,-80.9375,26.94,28.67,29.48,30.24,31.55,32.84,34.14,33.77,33.22,30.81,28.68,25.06
25.3542,-80.8958,27.36,29.08,30,30.74,32.05,33.36,34.55,34.18,33.42,31.04,28.9,25.38
25.3542,-80.8542,27.48,29.29,30.11,31.01,32.35,33.59,34.76,34.3,33.62,31.17,29.02,25.51
25.3542,-80.8125,27.5,29.36,30.23,31.12,32.46,33.62,34.88,34.42,33.63,31.3,29.04,25.64
25.3542,-80.7708,27.62,29.37,30.36,31.13,32.46,33.75,34.89,34.44,33.63,31.32,29.16,25.67
25.3542,-80.7292,27.6,29.38,30.36,31.14,32.56,33.77,34.9,34.45,33.64,31.25,29.08,25.69
25.3542,-80.6875,27.61,29.38,30.27,31.14,32.47,33.69,34.81,34.37,33.54,31.28,29.1,25.72
25.3542,-80.6458,27.53,29.28,30.3,31.04,32.36,33.6,34.81,34.38,33.55,31.2,29.11,25.64
25.3542,-80.6042,27.54,29.29,30.21,30.94,32.26,33.51,34.72,34.28,33.45,31.22,29.03,25.65
25.3542,-80.5625,27.43,29.2,30.11,30.83,32.15,33.41,34.61,34.18,33.35,31.13,29.03,25.55
25.3542,-80.5208,27.43,29.09,30.01,30.72,31.95,33.2,34.5,34.07,33.26,31.04,28.94,25.54
25.3542,-80.4792,27.31,28.97,29.81,30.41,31.64,32.98,34.28,33.96,33.16,30.95,28.83,25.42
25.3542,-80.4375,27.1,28.76,29.6,30.1,31.33,32.66,33.96,33.64,32.96,30.74,28.73,25.2
25.3542,-80.3958,26.78,28.35,29.19,29.58,30.72,32.14,33.64,33.33,32.66,30.53,28.42,24.97
25.3542,-80.3542,26.37,27.84,28.58,29.07,30.11,31.61,33.12,32.91,32.36,30.22,28.11,24.64
25.3958,-81.1458,26.61,28.41,29.14,30.01,31.34,32.58,33.98,33.69,33.21,30.69,28.49,24.82
