Survey,MJD,Pointing,Beam,DM,Sigma,Time,Sample,Downfact
palfa,54907,G64.66-02.91,0,0,11.75,0.058405,892,14
palfa,54907,G64.66-02.91,0,0,11.13,0.08872,1355,9
palfa,54907,G64.66-02.91,0,0,9.27,0.149679,2286,14
palfa,54907,G64.66-02.91,0,0,11.12,0.179798,2746,9
palfa,54907,G64.66-02.91,0,0,5.47,0.180125,2751,9
palfa,54907,G64.66-02.91,0,0,10.23,0.210048,3208,14
palfa,54907,G64.66-02.91,0,0,5,0.230869,3526,1
palfa,54907,G64.66-02.91,0,0,10.04,0.240232,3669,14
palfa,54907,G64.66-02.91,0,0,14.12,0.270417,4130,14
palfa,54907,G64.66-02.91,0,0,10.45,0.300339,4587,14
palfa,54907,G64.66-02.91,0,0,10.02,0.330393,5046,6
palfa,54907,G64.66-02.91,0,0,10.47,0.391482,5979,6
palfa,54907,G64.66-02.91,0,0,8.61,0.421339,6435,6
palfa,54907,G64.66-02.91,0,0,8.65,0.48197,7361,4
palfa,54907,G64.66-02.91,0,0,5.91,0.54247,8285,6
palfa,54907,G64.66-02.91,0,0,7.95,0.572917,8750,9
palfa,54907,G64.66-02.91,0,0,9.87,0.602708,9205,9
palfa,54907,G64.66-02.91,0,0,5.6,0.65797,10049,70
palfa,54907,G64.66-02.91,0,0,8.47,0.693131,10586,4
palfa,54907,G64.66-02.91,0,0,7.98,0.723381,11048,9
palfa,54907,G64.66-02.91,0,0,11.91,0.783946,11973,14
palfa,54907,G64.66-02.91,0,0,5.25,0.814196,12435,20
palfa,54907,G64.66-02.91,0,0,8.72,0.844315,12895,14
palfa,54907,G64.66-02.91,0,0,5.43,0.874369,13354,9
palfa,54907,G64.66-02.91,0,0,7.29,0.904554,13815,14
palfa,54907,G64.66-02.91,0,0,11.9,0.934607,14274,9
palfa,54907,G64.66-02.91,0,0,5.98,0.993929,15180,45
palfa,54907,G64.66-02.91,0,0,10.34,1.054756,16109,14
palfa,54907,G64.66-02.91,0,0,8.31,1.085006,16571,100
palfa,54907,G64.66-02.91,0,0,7.4,1.115452,17036,14
palfa,54907,G64.66-02.91,0,0,11.67,1.145506,17495,14
palfa,54907,G64.66-02.91,0,0,7.4,1.206268,18423,9
palfa,54907,G64.66-02.91,0,0,6.52,1.236452,18884,6
palfa,54907,G64.66-02.91,0,0,5.2,1.267095,19352,9
palfa,54907,G64.66-02.91,0,0,5.21,1.283792,19607,20
palfa,54907,G64.66-02.91,0,0,6.79,1.298131,19826,4
palfa,54907,G64.66-02.91,0,0,6.69,1.328185,20285,14
palfa,54907,G64.66-02.91,0,0,9.67,1.358631,20750,14
palfa,54907,G64.66-02.91,0,0,6.85,1.388881,21212,6
palfa,54907,G64.66-02.91,0,0,7.28,1.419131,21674,14
palfa,54907,G64.66-02.91,0,0,9.69,1.449185,22133,6
palfa,54907,G64.66-02.91,0,0,7.89,1.479762,22600,20
palfa,54907,G64.66-02.91,0,0,5.44,1.492661,22797,100
palfa,54907,G64.66-02.91,0,0,10.74,1.509488,23054,9
palfa,54907,G64.66-02.91,0,0,5.77,1.509815,23059,9
palfa,54907,G64.66-02.91,0,0,10.73,1.54,23520,14
palfa,54907,G64.66-02.91,0,0,5.21,1.540524,23528,14
palfa,54907,G64.66-02.91,0,0,10.95,1.570185,23981,14
palfa,54907,G64.66-02.91,0,0,5.67,1.592839,24327,150
palfa,54907,G64.66-02.91,0,0,7.31,1.600238,24440,4
palfa,54907,G64.66-02.91,0,0,9.55,1.631077,24911,9
palfa,54907,G64.66-02.91,0,0,8.58,1.661524,25376,9
palfa,54907,G64.66-02.91,0,0,5.9,1.661851,25381,9
palfa,54907,G64.66-02.91,0,0,12.09,1.692036,25842,9
palfa,54907,G64.66-02.91,0,0,10.31,1.722089,26301,9
palfa,54907,G64.66-02.91,0,0,5.71,1.722417,26306,9
palfa,54907,G64.66-02.91,0,0,7.29,1.783179,27234,14
palfa,54907,G64.66-02.91,0,0,5.02,1.81356,27698,14
palfa,54907,G64.66-02.91,0,0,8.31,1.844202,28166,20
